1.896595679075875340e+00 4.295176569763969887e+00 8.357424425075197227e-01 1.642575574924802773e-01
1.493169319502545944e+00 3.773770545671663701e+00 8.499468977337489850e-01 1.500531022662510705e-01
1.490939480098281589e+00 3.688987683377113136e+00 8.455300151029889744e-01 1.544699848970109701e-01
1.487996165545344418e+00 3.627257030709038155e+00 8.409018519317312812e-01 1.590981480682686633e-01
1.484518447937400953e+00 3.581025617816202100e+00 8.361090072354946390e-01 1.638909927645054165e-01
1.480634632554145957e+00 3.545260938633218561e+00 8.311790210667483469e-01 1.688209789332518473e-01
1.476436822532421145e+00 3.516586245557397739e+00 8.261289596351029108e-01 1.738710403648970060e-01
1.471991185521317469e+00 3.492723210747309182e+00 8.209699504883374299e-01 1.790300495116625146e-01
1.467345256571702006e+00 3.472129323884979968e+00 8.157096419491722816e-01 1.842903580508278016e-01
1.462533170700184515e+00 3.453758821243320121e+00 8.103535817860881840e-01 1.896464182139117605e-01
1.457579432355403437e+00 3.436903033125548124e+00 8.049060196221345942e-01 1.950939803778652948e-01
1.452501640058670107e+00 3.421082668169418639e+00 7.993703924997100918e-01 2.006296075002897972e-01
1.447312458568931426e+00 3.405974617572305796e+00 7.937496297510365784e-01 2.062503702489635327e-01
1.442021045885045538e+00 3.391362007747163787e+00 7.880463505880210828e-01 2.119536494119789727e-01
1.436634083955269370e+00 3.377100059658999509e+00 7.822629953593984720e-01 2.177370046406015280e-01
1.431156521023793760e+00 3.363092759245250640e+00 7.764019142370992554e-01 2.235980857629007446e-01
1.425592104351741662e+00 3.349276943815217678e+00 7.704654277194358247e-01 2.295345722805643141e-01
1.419943760931762000e+00 3.335611478275063213e+00 7.644558680293349617e-01 2.355441319706650938e-01
1.414213868380336248e+00 3.322069920294668854e+00 7.583756073453896684e-01 2.416243926546103038e-01
1.408404446841166946e+00 3.308635570954061134e+00 7.522270768601518887e-01 2.477729231398480558e-01
1.402517294364362455e+00 3.295298150748560140e+00 7.460127794060948947e-01 2.539872205939049388e-01
1.396554082057841484e+00 3.282051578498303090e+00 7.397352975520206098e-01 2.602647024479795013e-01
1.390516420771856110e+00 3.268892495253055586e+00 7.333972984987271460e-01 2.666027015012729651e-01
1.384405907755667409e+00 3.255819289003445416e+00 7.270015367029013520e-01 2.729984632970986480e-01
1.378224159304413998e+00 3.242831454358780618e+00 7.205508548770497290e-01 2.794491451229503265e-01
1.371972833659784063e+00 3.229929175113633200e+00 7.140481838148872162e-01 2.859518161851126727e-01
1.365653647164226880e+00 3.217113054344659773e+00 7.074965413516351997e-01 2.925034586483646892e-01
1.359268385763776399e+00 3.204383941632199750e+00 7.008990306702141959e-01 2.991009693297858041e-01
1.352818913310972704e+00 3.191742823868755963e+00 6.942588380953997884e-01 3.057411619046002671e-01
1.346307177664491483e+00 3.179190757456759719e+00 6.875792304700643065e-01 3.124207695299355825e-01
1.339735215262497281e+00 3.166728827280353098e+00 6.808635521745334263e-01 3.191364478254667958e-01
1.333105154623590360e+00 3.154358122877597648e+00 6.741152218274668595e-01 3.258847781725330295e-01
1.326419219074302713e+00 3.142079725573415860e+00 6.673377286914186080e-01 3.326622713085815031e-01
1.319679728895087001e+00 3.129894702525895411e+00 6.605346287961063600e-01 3.394653712038936400e-01
1.312889103003334723e+00 3.117804105072487619e+00 6.537095407859385698e-01 3.462904592140614857e-01
1.306049860241708993e+00 3.105808969695238009e+00 6.468661414943552845e-01 3.531338585056448820e-01
1.299164620306024309e+00 3.093910320527543334e+00 6.400081612453628610e-01 3.599918387546371390e-01
1.292236104323847723e+00 3.082109172713146439e+00 6.331393788817231139e-01 3.668606211182767196e-01
1.285267135079641632e+00 3.070406536176502499e+00 6.262636165192637661e-01 3.737363834807362339e-01
1.278260636872132538e+00 3.058803419521823219e+00 6.193847340274800661e-01 3.806152659725199894e-01
1.271219634983145719e+00 3.047300833878245019e+00 6.125066232378222342e-01 3.874933767621777103e-01
1.264147254733259063e+00 3.035899796571646103e+00 6.056332018827031982e-01 3.943667981172968018e-01
1.257046720097643622e+00 3.024601334543264741e+00 5.987684072702446070e-01 4.012315927297552820e-01
1.249921351854842211e+00 3.013406487459988625e+00 5.919161897020442931e-01 4.080838102979558180e-01
1.242774565241737683e+00 3.002316310476742078e+00 5.850805056437410334e-01 4.149194943562588556e-01
1.235609867089365155e+00 2.991331876621103447e+00 5.782653106608606208e-01 4.217346893391392126e-01
1.228430852416375840e+00 2.980454278776678123e+00 5.714745521352636581e-01 4.285254478647364529e-01
1.221241200459853626e+00 2.969684631245874673e+00 5.647121617805110905e-01 4.352878382194889650e-01
1.214044670126692704e+00 2.959024070875937440e+00 5.579820479775111641e-01 4.420179520224888914e-01
1.206845094852849076e+00 2.948473757734436429e+00 5.512880879549133528e-01 4.487119120450865917e-01
1.199646376862469443e+00 2.938034875322763639e+00 5.446341198418134244e-01 4.553658801581866311e-01
1.192452480824088390e+00 2.927708630318333505e+00 5.380239346233708364e-01 4.619760653766291081e-01
1.185267426906775778e+00 2.917496251838573418e+00 5.314612680328830718e-01 4.685387319671169837e-01
1.178095283245183866e+00 2.907398990222337609e+00 5.249497924166328655e-01 4.750502075833670790e-01
1.170940157828927575e+00 2.897418115327197174e+00 5.184931086103985454e-01 4.815068913896013991e-01
1.163806189838424210e+00 2.887554914344157453e+00 5.120947378688091023e-01 4.879052621311908977e-01
1.156697540456261830e+00 2.877810689134754352e+00 5.057581138906999119e-01 4.942418861093001436e-01
1.149618383190151416e+00 2.868186753099130737e+00 4.994865749852221981e-01 5.005134250147778019e-01
1.142572893750516183e+00 2.858684427587583343e+00 4.932833564246285052e-01 5.067166435753713838e-01
1.135565239532613457e+00 2.849305037872253976e+00 4.871515830303474459e-01 5.128484169696524431e-01
1.128599568759671934e+00 2.840049908699834535e+00 4.810942620391546742e-01 5.189057379608453813e-01
1.121679999349723289e+00 2.830920359450626034e+00 4.751142762958796562e-01 5.248857237041202328e-01
1.114810607574514334e+00 2.821917698933674945e+00 4.692143778181699920e-01 5.307856221818301190e-01
1.107995416583887005e+00 2.813043219852096044e+00 4.633971817773240853e-01 5.366028182226757481e-01
1.101238384873360232e+00 2.804298192977036752e+00 4.576651609371221729e-01 5.423348390628778271e-01
1.094543394775998824e+00 2.795683861072725929e+00 4.520206405899166446e-01 5.479793594100834664e-01
1.087914241062182485e+00 2.787201432618970909e+00 4.464657940260350344e-01 5.535342059739649656e-01
1.081354619732227684e+00 2.778852075380795039e+00 4.410026385688065598e-01 5.589973614311933847e-01
1.074868117087168118e+00 2.770636909877954412e+00 4.356330322033094005e-01 5.643669677966907106e-01
1.068458199162143796e+00 2.762557002809519435e+00 4.303586708222975621e-01 5.696413291777024934e-01
1.062128201604821687e+00 2.754613360490546725e+00 4.251810861077614523e-01 5.748189138922386032e-01
1.055881320078139396e+00 2.746806922359059211e+00 4.201016440612918013e-01 5.798983559387080877e-01
1.049720601262353004e+00 2.739138554612046139e+00 4.151215441909142934e-01 5.848784558090857066e-01
1.043648934526025585e+00 2.731609044028886490e+00 4.102418193564408289e-01 5.897581806435590046e-01
1.037669044329256440e+00 2.724219092039602774e+00 4.054633362697246390e-01 5.945366637302752499e-01
1.031783483415215974e+00 2.716969309093469676e+00 4.007867966405910254e-01 5.992132033594089746e-01
1.025994626838084400e+00 2.709860209380980933e+00 3.962127389537493660e-01 6.037872610462506895e-01
1.020304666866867604e+00 2.702892205958780547e+00 3.917415408567398449e-01 6.082584591432602661e-01
1.014715608795495161e+00 2.696065606323233332e+00 3.873734221340175976e-01 6.126265778659822914e-01
1.009229267680212816e+00 2.689380608473576739e+00 3.831084482377042910e-01 6.168915517622957090e-01
1.003847266015735373e+00 2.682837297500464846e+00 3.789465343413910281e-01 6.210534656586089719e-01
9.985710323521032050e-01 2.676435642730026210e+00 3.748874498797292176e-01 6.251125501202707824e-01
9.934018008448485260e-01 2.670175495447502989e+00 3.709308235334193293e-01 6.290691764665807817e-01
9.883406117220328024e-01 2.664056587218261996e+00 3.670761486166519427e-01 6.329238513833480573e-01
9.833883126431866017e-01 2.658078528817508612e+00 3.633227888220701973e-01 6.366772111779296361e-01
9.785455609172186708e-01 2.652240809773513064e+00 3.596699842769346955e-01 6.403300157230653600e-01
9.738128265390916249e-01 2.646542798522744544e+00 3.561168578633572279e-01 6.438831421366426611e-01
9.691903959986271078e-01 2.640983743169035058e+00 3.526624217552324914e-01 6.473375782447676752e-01
9.646783768091665712e-01 2.635562772832883649e+00 3.493055841247911242e-01 6.506944158752087093e-01
9.602767026991635424e-01 2.630278899571397044e+00 3.460451559725146731e-01 6.539548440274853824e-01
9.559851394059822871e-01 2.625131020844139851e+00 3.428798580354239789e-01 6.571201419645761321e-01
9.518032910084107678e-01 2.620117922495493801e+00 3.398083277304621563e-01 6.601916722695378992e-01
9.477306067324916539e-01 2.615238282219980448e+00 3.368291260917569696e-01 6.631708739082431414e-01
9.437663881643038044e-01 2.610490673473469414e+00 3.339407446629427678e-01 6.660592553370572322e-01
9.399097968032280592e-01 2.605873569790281508e+00 3.311416123083703034e-01 6.688583876916298632e-01
9.361598618898914204e-01 2.601385349463936514e+00 3.284301019098886387e-01 6.715698980901113613e-01
9.325154884444343262e-01 2.597024300547664755e+00 3.258045369188948270e-01 6.741954630811053395e-01
9.289754654527905275e-01 2.592788626129755691e+00 3.232631977364477383e-01 6.767368022635522617e-01
9.255384741413535954e-01 2.588676449838472227e+00 3.208043278974033186e-01 6.791956721025966814e-01
9.222030962835171541e-01 2.584685821531344629e+00 3.184261400376807716e-01 6.815738599623193394e-01
9.189678224851498545e-01 2.580814723124405408e+00 3.161268216268917630e-01 6.838731783731082370e-01
9.158310603999053612e-01 2.577061074518032235e+00 3.139045404516057625e-01 6.860954595483942375e-01
9.127911428293854490e-01 2.573422739577687857e+00 3.117574498374588443e-01 6.882425501625413222e-01
9.098463356674176827e-01 2.569897532129787443e+00 3.096836936011132524e-01 6.903163063988867476e-01
9.069948456520554592e-01 2.566483221935169645e+00 3.076814107257170861e-01 6.923185892742830250e-01
9.042348278932523797e-01 2.563177540605190430e+00 3.057487397559791598e-01 6.942512602440207292e-01
9.015643931484799145e-01 2.559978187428178842e+00 3.038838229112558742e-01 6.961161770887439593e-01
8.989816148227612880e-01 2.556882835076804916e+00 3.020848099171300483e-01 6.979151900828699517e-01
8.964845356736623749e-01 2.553889135169915559e+00 3.003498615578444886e-01 6.996501384421555114e-01
8.940711742056648426e-01 2.550994723665356290e+00 2.986771529536373371e-01 7.013228470463626074e-01
8.917395307420165063e-01 2.548197226063285470e+00 2.970648765685071080e-01 7.029351234314928920e-01
8.894875931655930046e-01 2.545494262402445695e+00 2.955112449552246834e-01 7.044887550447753721e-01
8.873133423234782491e-01 2.542883452034728986e+00 2.940144932455106552e-01 7.059855067544895668e-01
8.852147570929005393e-01 2.540362418166158598e+00 2.925728813942164441e-01 7.074271186057835559e-01
8.831898191087917960e-01 2.537928792155041080e+00 2.911846961871014661e-01 7.088153038128985894e-01
8.812365171556136856e-01 2.535580217560525096e+00 2.898482530223927545e-01 7.101517469776073010e-01
8.793528512282144938e-01 2.533314353937192731e+00 2.885618974767626410e-01 7.114381025232374700e-01
8.775368362682930412e-01 2.531128880373395340e+00 2.873240066666755688e-01 7.126759933333243202e-01
8.757865055846593139e-01 2.529021498773095011e+00 2.861329904162476234e-01 7.138670095837523766e-01
8.740999139668186313e-01 2.526989936882703347e+00 2.849872922428503541e-01 7.150127077571497569e-01
8.724751405025173989e-01 2.525031951066075919e+00 2.838853901716762995e-01 7.161146098283237560e-01
8.709102911108145273e-01 2.523145328832204992e+00 2.828257973903883782e-01 7.171742026096116218e-01
8.694035008029366018e-01 2.521327891121408982e+00 2.818070627548068252e-01 7.181929372451930638e-01
8.679529356837052401e-01 2.519577494356896707e+00 2.808277711563504919e-01 7.191722288436493971e-01
8.665567947067064347e-01 2.517892032269494873e+00 2.798865437616677165e-01 7.201134562383322280e-01
8.652133111965649714e-01 2.516269437504050188e+00 2.789820381345581302e-01 7.210179618654419809e-01
8.639207541518023614e-01 2.514707683016669915e+00 2.781129482499232752e-01 7.218870517500767248e-01
8.626774293417015516e-01 2.513204783272384724e+00 2.772780044090903395e-01 7.227219955909094384e-01
8.614816802104933169e-01 2.511758795253195675e+00 2.764759730654391401e-01 7.235240269345608599e-01
8.603318886019440948e-01 2.510367819286681623e+00 2.757056565688336125e-01 7.242943434311663875e-01
8.592264753171522385e-01 2.509029999705474800e+00 2.749658928369230204e-01 7.250341071630769241e-01
8.581639005179909629e-01 2.507743525347954527e+00 2.742555549609347887e-01 7.257444450390651003e-01
8.571426639882410159e-01 2.506506629910448147e+00 2.735735507531415478e-01 7.264264492468585077e-01
8.561613052640122401e-01 2.505317592161123486e+00 2.729188222427446631e-01 7.270811777572552259e-01
8.552184036445766857e-01 2.504174736025585712e+00 2.722903451264891417e-01 7.277096548735111359e-01
8.543125780942312231e-01 2.503076430553918374e+00 2.716871281798997617e-01 7.283128718201002938e-01
8.534424870453114487e-01 2.502021089778704077e+00 2.711082126346225918e-01 7.288917873653774082e-01
8.526068281119312253e-01 2.501007172473166396e+00 2.705526715269556681e-01 7.294473284730443874e-01
8.518043377235123836e-01 2.500033181818300143e+00 2.700196090222735101e-01 7.299803909777264899e-01
8.510337906866430879e-01 2.499097664987447676e+00 2.695081597196838374e-01 7.304918402803159960e-01
8.502939996832697966e-01 2.498199212656418755e+00 2.690174879409036324e-01 7.309825120590962566e-01
8.495838147127333650e-01 2.497336458446843377e+00 2.685467870070108454e-01 7.314532129929890436e-01
8.489021224846461378e-01 2.496508078310068601e+00 2.680952785064114052e-01 7.319047214935884282e-01
8.482478457691344786e-01 2.495712789858473890e+00 2.676622115570628790e-01 7.323377884429371765e-01
8.476199427104887940e-01 2.494949351650705083e+00 2.672468620657150185e-01 7.327531379342848705e-01
8.470174061098272311e-01 2.494216562436908813e+00 2.668485319866650274e-01 7.331514680133350836e-01
8.464392626819334797e-01 2.493513260369658813e+00 2.664665485822724778e-01 7.335334514177274112e-01
8.458845722910244280e-01 2.492838322185894295e+00 2.661002636872548122e-01 7.338997363127452989e-01
8.453524271698116266e-01 2.492190662364790033e+00 2.657490529785611066e-01 7.342509470214387823e-01
8.448419511258420389e-01 2.491569232266146017e+00 2.654123152524267004e-01 7.345876847475731886e-01
8.443522987387573897e-01 2.490973019253510223e+00 2.650894717100208964e-01 7.349105282899791591e-01
8.438826545517795763e-01 2.490401045805907376e+00 2.647799652529299608e-01 7.352200347470700947e-01
8.434322322604189681e-01 2.489852368621782830e+00 2.644832597895576121e-01 7.355167402104424434e-01
8.430002739011048796e-01 2.489326077718363006e+00 2.641988395533784728e-01 7.358011604466214717e-01
8.425860490421722693e-01 2.488821295529459299e+00 2.639262084338444003e-01 7.360737915661557107e-01
8.421888539793821460e-01 2.488337176004368434e+00 2.636648893206209321e-01 7.363351106793790679e-01
8.418080109379100229e-01 2.487872903710339312e+00 2.634144234617186164e-01 7.365855765382812725e-01
8.414428672825302602e-01 2.487427692940773039e+00 2.631743698359775285e-01 7.368256301640224715e-01
8.410927947375056446e-01 2.487000786831131016e+00 2.629443045402739543e-01 7.370556954597260457e-01
8.407571886175179143e-01 2.486591456484316343e+00 2.627238201917284077e-01 7.372761798082715368e-01
8.404354670707864239e-01 2.486199000107056634e+00 2.625125253451204843e-01 7.374874746548797377e-01
8.401270703353779234e-01 2.485822742158659615e+00 2.623100439256443317e-01 7.376899560743555018e-01
8.398314600095585503e-01 2.485462032513350739e+00 2.621160146770764587e-01 7.378839853229234302e-01
8.395481183368915801e-01 2.485116245637201793e+00 2.619300906253708150e-01 7.380699093746292405e-01
8.392765475066928937e-01 2.484784779780550235e+00 2.617519385576473900e-01 7.382480614423525545e-01
8.390162689703083432e-01 2.484467056186662859e+00 2.615812385164940079e-01 7.384187614835059366e-01
8.387668227736079229e-01 2.484162518317254431e+00 2.614176833094618568e-01 7.385823166905380877e-01
8.385277669059760797e-01 2.483870631095376869e+00 2.612609780336024867e-01 7.387390219663974023e-01
8.382986766660083244e-01 2.483590880166094639e+00 2.611108396148588695e-01 7.388891603851410750e-01
8.380791440440439333e-01 2.483322771175237698e+00 2.609669963621019662e-01 7.390330036378980338e-01
8.378687771216006830e-01 2.483065829066474883e+00 2.608291875355763234e-01 7.391708124644236211e-01
8.376671994877116223e-01 2.482819597396832556e+00 2.606971629295027904e-01 7.393028370704972652e-01
8.374740496721135852e-01 2.482583637670746857e+00 2.605706824685647960e-01 7.394293175314350375e-01
8.372889805951946318e-01 2.482357528692654469e+00 2.604495158179961356e-01 7.395504841820039754e-01
8.371116590345534236e-01 2.482140865938068153e+00 2.603334420069712829e-01 7.396665579930288281e-01
8.369417651079990028e-01 2.481933260943046449e+00 2.602222490649958586e-01 7.397777509350043079e-01
8.367789917727761484e-01 2.481734340711911457e+00 2.601157336709806200e-01 7.398842663290194910e-01
8.366230443407801642e-01 2.481543747143021506e+00 2.600137008146837792e-01 7.399862991853162208e-01
8.364736400095005298e-01 2.481361136472387319e+00 2.599159634701977417e-01 7.400840365298022583e-01
8.363305074084078639e-01 2.481186178734876790e+00 2.598223422811570815e-01 7.401776577188428075e-01
8.361933861604816665e-01 2.481018557242726352e+00 2.597326652573416217e-01 7.402673347426584893e-01
8.360620264585647554e-01 2.480857968081068066e+00 2.596467674823491056e-01 7.403532325176509499e-01
8.359361886562201027e-01 2.480704119620134485e+00 2.595644908320156596e-01 7.404355091679843959e-01
8.358156428727474552e-01 2.480556732043819324e+00 2.594856837032593622e-01 7.405143162967406933e-01
8.357001686120157924e-01 2.480415536894228890e+00 2.594102007530303955e-01 7.405897992469694380e-01
8.355895543947662318e-01 2.480280276631876113e+00 2.593379026470511994e-01 7.406620973529489671e-01
8.354835974040251134e-01 2.480150704211123269e+00 2.592686558180368195e-01 7.407313441819631805e-01
8.353821031432759892e-01 2.480026582670526558e+00 2.592023322330885282e-01 7.407976677669113608e-01
8.352848851070316938e-01 2.479907684737667317e+00 2.591388091699605711e-01 7.408611908300393178e-01
8.351917644634498927e-01 2.479793792448102607e+00 2.590779690019043846e-01 7.409220309980955044e-01
8.351025697486398336e-01 2.479684696778045705e+00 2.590196989908015168e-01 7.409803010091984277e-01
8.350171365723043637e-01 2.479580197290386590e+00 2.589638910883017564e-01 7.410361089116983546e-01
8.349353073343729337e-01 2.479480101793659852e+00 2.589104417446908557e-01 7.410895582553089778e-01
8.348569309522798632e-01 2.479384226013588766e+00 2.588592517252174541e-01 7.411407482747824904e-01
8.347818625985437002e-01 2.479292393276820938e+00 2.588102259336151345e-01 7.411897740663849765e-01
8.347099634483219344e-01 2.479204434206467411e+00 2.587632732425652615e-01 7.412367267574346830e-01
8.346411004366065534e-01 2.479120186429088601e+00 2.587183063308500786e-01 7.412816936691497549e-01
8.345751460247420317e-01 2.479039494292757606e+00 2.586752415269530370e-01 7.413247584730469075e-01
8.345119779759443412e-01 2.478962208595834937e+00 2.586339986588719886e-01 7.413660013411281779e-01
8.344514791395238884e-01 2.478888186326096754e+00 2.585945009099159808e-01 7.414054990900840192e-01
8.343935372434986286e-01 2.478817290409894625e+00 2.585566746802634985e-01 7.414433253197364460e-01
8.343380446953131413e-01 2.478749389470976006e+00 2.585204494540677689e-01 7.414795505459321756e-01
8.342848983903694560e-01 2.478684357598652799e+00 2.584857576719005179e-01 7.415142423280994821e-01
8.342339995280976250e-01 2.478622074124993357e+00 2.584525346083322850e-01 7.415474653916677150e-01
8.341852534352883763e-01 2.478562423410709314e+00 2.584207182544545622e-01 7.415792817455455488e-01
8.341385693964293857e-01 2.478505294639446799e+00 2.583902492051545208e-01 7.416097507948454792e-01
8.340938604907830456e-01 2.478450581620167625e+00 2.583610705509606364e-01 7.416389294490393080e-01
8.340510434359642566e-01 2.478398182597333577e+00 2.583331277742818566e-01 7.416668722257182544e-01
8.340100384377679976e-01 2.478348000068614887e+00 2.583063686498704992e-01 7.416936313501293343e-01
8.339707690460236300e-01 2.478299940609841379e+00 2.582807431493455708e-01 7.417192568506542072e-01
8.339331620162374614e-01 2.478253914706929795e+00 2.582562033496156317e-01 7.417437966503843683e-01
8.338971471768147348e-01 2.478209836594532867e+00 2.582327033450499965e-01 7.417672966549500035e-01
8.338626573016442167e-01 2.478167624101152988e+00 2.582101991632509419e-01 7.417898008367489471e-01
8.338296279878372186e-01 2.478127198500481576e+00 2.581886486842825956e-01 7.418113513157174044e-01
8.337979975384325337e-01 2.478088484368726530e+00 2.581680115632216110e-01 7.418319884367781114e-01
8.337677068498626776e-01 2.478051409447701747e+00 2.581482491558969583e-01 7.418517508441032637e-01
8.337386993040054595e-01 2.478015904513456213e+00 2.581293244476899895e-01 7.418706755523098995e-01
8.337109206646459159e-01 2.477981903250229934e+00 2.581112019852762063e-01 7.418887980147237382e-01
8.336843189781597552e-01 2.477949342129534216e+00 2.580938478111857171e-01 7.419061521888141719e-01
8.336588444782725427e-01 2.477918160294153349e+00 2.580772294010737489e-01 7.419227705989263066e-01
8.336344494947192096e-01 2.477888299446878051e+00 2.580613156035884703e-01 7.419386843964115297e-01
8.336110883656568937e-01 2.477859703743789055e+00 2.580460765827335967e-01 7.419539234172664033e-01
8.335887173536810080e-01 2.477832319691903873e+00 2.580314837626233038e-01 7.419685162373765852e-01
8.335672945652977672e-01 2.477806096051020202e+00 2.580175097745328605e-01 7.419824902254672505e-01
8.335467798737214995e-01 2.477780983739595211e+00 2.580041284061515561e-01 7.419958715938483884e-01
8.335271348448585194e-01 2.477756935744490630e+00 2.579913145529489915e-01 7.420086854470511195e-01
8.335083226663485556e-01 2.477733907034431748e+00 2.579790441715663629e-01 7.420209558284336371e-01
8.334903080795493802e-01 2.477711854477042674e+00 2.579672942351527998e-01 7.420327057648472557e-01
8.334730573143345200e-01 2.477690736759299739e+00 2.579560426905647130e-01 7.420439573094352870e-01
8.334565380265984702e-01 2.477670514311276495e+00 2.579452684173529353e-01 7.420547315826470092e-01
8.334407192383556096e-01 2.477651149233043082e+00 2.579349511884642676e-01 7.420650488115357879e-01
8.334255712803310123e-01 2.477632605224594720e+00 2.579250716325859338e-01 7.420749283674140662e-01
8.334110657369367958e-01 2.477614847518688102e+00 2.579156111980660526e-01 7.420843888019339474e-01
8.333971753935427440e-01 2.477597842816460894e+00 2.579065521183455667e-01 7.420934478816543223e-01
8.333838741859420640e-01 2.477581559225737529e+00 2.578978773788377366e-01 7.421021226211622634e-01
8.333711371519257893e-01 2.477565966201881853e+00 2.578895706851969116e-01 7.421104293148031994e-01
8.333589403848781219e-01 2.477551034491136672e+00 2.578816164329173488e-01 7.421183835670825957e-01
8.333472609893119998e-01 2.477536736076305868e+00 2.578739996782092314e-01 7.421260003217906576e-01
8.333360770382592930e-01 2.477523044124707141e+00 2.578667061100965441e-01 7.421332938899032339e-01
8.333253675324495680e-01 2.477509932938299908e+00 2.578597220236875653e-01 7.421402779763125457e-01
8.333151123611889366e-01 2.477497377905891973e+00 2.578530342945682952e-01 7.421469657054314828e-01
8.333052922648869210e-01 2.477485355457345939e+00 2.578466303542737981e-01 7.421533696457262019e-01
8.332958887991465113e-01 2.477473843019699196e+00 2.578404981667893892e-01 7.421595018332104443e-01
8.332868843003619075e-01 2.477462818975125103e+00 2.578346262060425831e-01 7.421653737939573059e-01
8.332782618527615481e-01 2.477452262620644330e+00 2.578290034343413417e-01 7.421709965656585473e-01
8.332700052568327020e-01 2.477442154129537055e+00 2.578236192817208727e-01 7.421763807182791828e-01
8.332620989990714433e-01 2.477432474514360106e+00 2.578184636261603990e-01 7.421815363738395455e-01
8.332545282230047201e-01 2.477423205591531286e+00 2.578135267746334280e-01 7.421864732253665720e-01
8.332472787014313376e-01 2.477414329947380534e+00 2.578087994449571596e-01 7.421912005550429514e-01
8.332403368098272312e-01 2.477405830905642592e+00 2.578042727484071706e-01 7.421957272515928850e-01
8.332336895008723987e-01 2.477397692496312143e+00 2.577999381730650130e-01 7.422000618269349870e-01
8.332273242800497526e-01 2.477389899425796571e+00 2.577957875678693611e-01 7.422042124321307499e-01
8.332212291822680417e-01 2.477382437048338382e+00 2.577918131273390645e-01 7.422081868726609910e-01
8.332153927494744261e-01 2.477375291338636654e+00 2.577880073769419633e-01 7.422119926230579257e-01
8.332098040092059676e-01 2.477368448865609363e+00 2.577843631590813755e-01 7.422156368409186245e-01
8.332044524540473951e-01 2.477361896767278360e+00 2.577808736196740003e-01 7.422191263803261663e-01
8.331993280219529563e-01 2.477355622726692186e+00 2.577775321952952559e-01 7.422224678047049107e-01
8.331944210774010484e-01 2.477349614948880063e+00 2.577743326008675728e-01 7.422256673991324272e-01
8.331897223933418806e-01 2.477343862138770891e+00 2.577712688178692702e-01 7.422287311821306188e-01
8.331852231339048620e-01 2.477338353480039945e+00 2.577683350830413112e-01 7.422316649169585778e-01
8.331809148378404029e-01 2.477333078614847306e+00 2.577655258775720659e-01 7.422344741224279341e-01
8.331767894026583798e-01 2.477328027624441376e+00 2.577628359167389305e-01 7.422371640832610140e-01
8.331728390694346231e-01 2.477323191010563530e+00 2.577602601399887061e-01 7.422397398600113494e-01
8.331690564082629979e-01 2.477318559677657017e+00 2.577577937014366438e-01 7.422422062985633007e-01
8.331654343043185529e-01 2.477314124915810822e+00 2.577554319607684441e-01 7.422445680392313339e-01
8.331619659445115289e-01 2.477309878384430952e+00 2.577531704745262831e-01 7.422468295254737169e-01
8.331586448047043625e-01 2.477305812096601390e+00 2.577510049877642651e-01 7.422489950122357349e-01
8.331554646374714768e-01 2.477301918404106296e+00 2.577489314260568154e-01 7.422510685739432956e-01
8.331524194603723288e-01 2.477298189983076604e+00 2.577469458878455799e-01 7.422530541121544756e-01
8.331495035447243902e-01 2.477294619820257449e+00 2.577450446371097881e-01 7.422549553628901009e-01
8.331467114048497491e-01 2.477291201199847581e+00 2.577432240963477006e-01 7.422567759036522439e-01
8.331440377877726844e-01 2.477287927690894342e+00 2.577414808398544865e-01 7.422585191601454024e-01
8.331414776633615515e-01 2.477284793135222429e+00 2.577398115872855944e-01 7.422601884127144611e-01
8.331390262148797854e-01 2.477281791635876917e+00 2.577382131974919055e-01 7.422617868025079835e-01
8.331366788299413573e-01 2.477278917546051229e+00 2.577366826626171781e-01 7.422633173373828219e-01
8.331344310918455953e-01 2.477276165458483170e+00 2.577352171024439587e-01 7.422647828975559303e-01
8.331322787712835964e-01 2.477273530195310602e+00 2.577338137589804679e-01 7.422661862410195877e-01
8.331302178183910279e-01 2.477271006798331232e+00 2.577324699912763029e-01 7.422675300087239192e-01
8.331282443551396577e-01 2.477268590519702940e+00 2.577311832704575201e-01 7.422688167295424799e-01
8.331263546680522936e-01 2.477266276813023804e+00 2.577299511749729932e-01 7.422700488250268958e-01
8.331245452012221442e-01 2.477264061324787381e+00 2.577287713860411111e-01 7.422712286139589999e-01
8.331228125496334957e-01 2.477261939886205688e+00 2.577276416832902095e-01 7.422723583167100125e-01
8.331211534527596108e-01 2.477259908505376806e+00 2.577265599405837992e-01 7.422734400594160897e-01
8.331195647884376276e-01 2.477257963359785542e+00 2.577255241220226534e-01 7.422744758779774576e-01
8.331180435669967022e-01 2.477256100789115401e+00 2.577245322781160919e-01 7.422754677218839081e-01
8.331165869256402789e-01 2.477254317288374086e+00 2.577235825421159143e-01 7.422764174578839746e-01
8.331151921230641744e-01 2.477252609501305880e+00 2.577226731265058191e-01 7.422773268734939034e-01
8.331138565343022551e-01 2.477250974214082468e+00 2.577218023196395924e-01 7.422781976803605186e-01
8.331125776457909415e-01 2.477249408349255777e+00 2.577209684825212954e-01 7.422790315174785380e-01
8.331113530506446541e-01 2.477247908959983480e+00 2.577201700457232847e-01 7.422798299542765488e-01
8.331101804441291003e-01 2.477246473224484991e+00 2.577194055064335743e-01 7.422805944935664257e-01
8.331090576193271868e-01 2.477245098440728821e+00 2.577186734256296519e-01 7.422813265743705147e-01
8.331079824629891162e-01 2.477243782021365082e+00 2.577179724253703674e-01 7.422820275746295771e-01
8.331069529515592320e-01 2.477242521488848492e+00 2.577173011862053387e-01 7.422826988137944948e-01
8.331059671473687311e-01 2.477241314470789213e+00 2.577166584446916042e-01 7.422833415553082848e-01
8.331050231949932439e-01 2.477240158695488859e+00 2.577160429910171358e-01 7.422839570089829753e-01
8.331041193177598503e-01 2.477239051987660812e+00 2.577154536667249918e-01 7.422845463332751192e-01
8.331032538144095279e-01 2.477237992264351263e+00 2.577148893625332837e-01 7.422851106374666053e-01
8.331024250558950461e-01 2.477236977531014350e+00 2.577143490162487893e-01 7.422856509837513217e-01
8.331016314823150859e-01 2.477236005877761826e+00 2.577138316107678850e-01 7.422861683892321150e-01
8.331008715999832503e-01 2.477235075475772597e+00 2.577133361721631877e-01 7.422866638278369233e-01
8.331001439786157592e-01 2.477234184573851916e+00 2.577128617678507427e-01 7.422871382321493128e-01
8.330994472486409341e-01 2.477233331495134916e+00 2.577124075048358165e-01 7.422875924951642945e-01
8.330987800986239256e-01 2.477232514633936233e+00 2.577119725280317963e-01 7.422880274719683147e-01
8.330981412727982427e-01 2.477231732452727098e+00 2.577115560186517551e-01 7.422884439813481894e-01
8.330975295687040871e-01 2.477230983479243864e+00 2.577111571926676836e-01 7.422888428073323164e-01
8.330969438349249412e-01 2.477230266303718675e+00 2.577107752993347822e-01 7.422892247006652733e-01
8.330963829689209676e-01 2.477229579576224250e+00 2.577104096197789240e-01 7.422895903802210205e-01
8.330958459149574447e-01 2.477228922004137690e+00 2.577100594656439037e-01 7.422899405343560408e-01
8.330953316621140248e-01 2.477228292349708205e+00 2.577097241777959180e-01 7.422902758222040820e-01
8.330948392423858095e-01 2.477227689427725199e+00 2.577094031250832806e-01 7.422905968749168304e-01
8.330943677288602522e-01 2.477227112103289386e+00 2.577090957031484830e-01 7.422909042968515170e-01
8.330939162339742188e-01 2.477226559289683383e+00 2.577088013332907712e-01 7.422911986667092288e-01
8.330934839078422138e-01 2.477226029946316910e+00 2.577085194613775720e-01 7.422914805386224835e-01
8.330930699366583259e-01 2.477225523076775016e+00 2.577082495568007170e-01 7.422917504431991720e-01
8.330926735411648965e-01 2.477225037726942691e+00 2.577079911114786293e-01 7.422920088885214263e-01
8.330922939751842504e-01 2.477224572983207640e+00 2.577077436388994780e-01 7.422922563611005220e-01
8.330919305242175943e-01 2.477224127970743428e+00 2.577075066732061326e-01 7.422924933267939229e-01
8.330915825040972056e-01 2.477223701851860582e+00 2.577072797683188088e-01 7.422927202316813577e-01
8.330912492597005725e-01 2.477223293824431405e+00 2.577070624970957402e-01 7.422929375029041488e-01
8.330909301637183795e-01 2.477222903120381403e+00 2.577068544505294878e-01 7.422931455494705677e-01
8.330906246154714534e-01 2.477222529004242002e+00 2.577066552369765007e-01 7.422933447630234438e-01
8.330903320397821110e-01 2.477222170771767207e+00 2.577064644814206495e-01 7.422935355185792394e-01
8.330900518858909143e-01 2.477221827748611105e+00 2.577062818247668474e-01 7.422937181752331526e-01
8.330897836264201661e-01 2.477221499289052886e+00 2.577061069231654233e-01 7.422938930768345767e-01
8.330895267563825923e-01 2.477221184774785367e+00 2.577059394473650844e-01 7.422940605526351376e-01
8.330892807922273269e-01 2.477220883613751923e+00 2.577057790820925787e-01 7.422942209179075324e-01
8.330890452709356353e-01 2.477220595239031375e+00 2.577056255254599471e-01 7.422943744745401640e-01
8.330888197491430613e-01 2.477220319107769075e+00 2.577054784883959782e-01 7.422945215116041329e-01
8.330886038023097573e-01 2.477220054700156826e+00 2.577053376941019769e-01 7.422946623058980231e-01
8.330883970239191250e-01 2.477219801518456332e+00 2.577052028775311254e-01 7.422947971224689301e-01
8.330881990247133162e-01 2.477219559086059508e+00 2.577050737848891049e-01 7.422949262151110617e-01
8.330880094319595974e-01 2.477219326946590972e+00 2.577049501731568659e-01 7.422950498268432451e-01
8.330878278887510202e-01 2.477219104663051397e+00 2.577048318096325508e-01 7.422951681903672272e-01
8.330876540533320718e-01 2.477218891816997726e+00 2.577047184714943429e-01 7.422952815285055461e-01
8.330874875984570771e-01 2.477218688007748248e+00 2.577046099453802475e-01 7.422953900546198636e-01
8.330873282107736921e-01 2.477218492851631204e+00 2.577045060269868015e-01 7.422954939730130874e-01
8.330871755902328202e-01 2.477218305981267576e+00 2.577044065206844370e-01 7.422955934793153965e-01
8.330870294495242856e-01 2.477218127044871654e+00 2.577043112391495527e-01 7.422956887608503918e-01
8.330868895135363772e-01 2.477217955705596442e+00 2.577042200030112418e-01 7.422957799969889248e-01
8.330867555188368190e-01 2.477217791640892397e+00 2.577041326405143384e-01 7.422958673594857171e-01
8.330866272131777217e-01 2.477217634541905245e+00 2.577040489871955109e-01 7.422959510128043226e-01
8.330865043550206295e-01 2.477217484112895995e+00 2.577039688855740640e-01 7.422960311144259915e-01
8.330863867130816613e-01 2.477217340070678731e+00 2.577038921848552877e-01 7.422961078151446568e-01
8.330862740658966370e-01 2.477217202144090358e+00 2.577038187406469061e-01 7.422961812593531494e-01
8.330861662014041880e-01 2.477217070073480798e+00 2.577037484146867952e-01 7.422962515853132048e-01
8.330860629165455222e-01 2.477216943610224487e+00 2.577036810745832462e-01 7.422963189254168093e-01
8.330859640168833957e-01 2.477216822516250527e+00 2.577036165935651102e-01 7.422963834064347788e-01
8.330858693162356277e-01 2.477216706563595938e+00 2.577035548502438767e-01 7.422964451497562344e-01
8.330857786363243811e-01 2.477216595533976662e+00 2.577034957283844685e-01 7.422965042716154205e-01
8.330856918064413197e-01 2.477216489218375006e+00 2.577034391166870830e-01 7.422965608833129725e-01
8.330856086631253099e-01 2.477216387416648402e+00 2.577033849085770822e-01 7.422966150914230843e-01
8.330855290498562216e-01 2.477216289937149263e+00 2.577033330020048196e-01 7.422966669979953469e-01
8.330854528167568329e-01 2.477216196596371933e+00 2.577032832992532385e-01 7.422967167007468170e-01
8.330853798203168292e-01 2.477216107218596086e+00 2.577032357067542412e-01 7.422967642932458698e-01
8.330853099231151360e-01 2.477216021635564758e+00 2.577031901349120524e-01 7.422968098650878366e-01
8.330852429935678982e-01 2.477215939686165047e+00 2.577031464979351316e-01 7.422968535020647574e-01
8.330851789056759049e-01 2.477215861216123027e+00 2.577031047136743025e-01 7.422968952863258085e-01
8.330851175387913310e-01 2.477215786077713311e+00 2.577030647034680988e-01 7.422969352965318457e-01
8.330850587773876992e-01 2.477215714129486823e+00 2.577030263919949382e-01 7.422969736080050618e-01
8.330850025108426093e-01 2.477215645235995911e+00 2.577029897071311249e-01 7.422970102928688751e-01
8.330849486332319032e-01 2.477215579267545209e+00 2.577029545798150134e-01 7.422970454201849311e-01
8.330848970431277145e-01 2.477215516099945170e+00 2.577029209439173352e-01 7.422970790560827758e-01
8.330848476434087324e-01 2.477215455614280248e+00 2.577028887361161869e-01 7.422971112638838687e-01
8.330848003410769032e-01 2.477215397696682420e+00 2.577028578957783478e-01 7.422971421042215967e-01
8.330847550470830143e-01 2.477215342238118900e+00 2.577028283648449269e-01 7.422971716351549620e-01
8.330847116761583848e-01 2.477215289134184317e+00 2.577028000877220060e-01 7.422971999122780495e-01
8.330846701466546600e-01 2.477215238284909749e+00 2.577027730111759452e-01 7.422972269888241659e-01
8.330846303803897124e-01 2.477215189594566436e+00 2.577027470842334078e-01 7.422972529157665367e-01
8.330845923025013144e-01 2.477215142971493478e+00 2.577027222580851040e-01 7.422972777419148960e-01
8.330845558413049190e-01 2.477215098327919751e+00 2.577026984859941416e-01 7.422973015140059694e-01
8.330845209281607655e-01 2.477215055579798708e+00 2.577026757232078746e-01 7.422973242767920699e-01
8.330844874973419856e-01 2.477215014646658275e+00 2.577026539268738037e-01 7.422973460731263629e-01
8.330844554859130335e-01 2.477214975451434764e+00 2.577026330559588074e-01 7.422973669440412481e-01
8.330844248336102265e-01 2.477214937920343640e+00 2.577026130711719265e-01 7.422973869288280735e-01
8.330843954827286124e-01 2.477214901982729867e+00 2.577025939348903116e-01 7.422974060651096329e-01
8.330843673780130576e-01 2.477214867570938228e+00 2.577025756110886134e-01 7.422974243889112200e-01
8.330843404665551066e-01 2.477214834620186323e+00 2.577025580652710368e-01 7.422974419347290187e-01
8.330843146976911751e-01 2.477214803068441551e+00 2.577025412644062818e-01 7.422974587355938292e-01
8.330842900229106229e-01 2.477214772856307423e+00 2.577025251768653713e-01 7.422974748231346842e-01
8.330842663957601646e-01 2.477214743926905438e+00 2.577025097723625313e-01 7.422974902276375797e-01
8.330842437717611570e-01 2.477214716225774715e+00 2.577024950218975707e-01 7.422975049781024293e-01
8.330842221083218924e-01 2.477214689700766304e+00 2.577024808977016468e-01 7.422975191022983532e-01
8.330842013646598820e-01 2.477214664301945479e+00 2.577024673731849180e-01 7.422975326268151930e-01
8.330841815017225871e-01 2.477214639981496269e+00 2.577024544228865843e-01 7.422975455771136932e-01
8.330841624821173630e-01 2.477214616693632632e+00 2.577024420224265366e-01 7.422975579775732413e-01
8.330841442700388511e-01 2.477214594394515856e+00 2.577024301484602264e-01 7.422975698515397180e-01
8.330841268312008108e-01 2.477214573042165746e+00 2.577024187786339238e-01 7.422975812213661317e-01
8.330841101327735032e-01 2.477214552596385122e+00 2.577024078915429728e-01 7.422975921084571382e-01
8.330840941433208524e-01 2.477214533018680331e+00 2.577023974666918238e-01 7.422976025333081207e-01
8.330840788327420476e-01 2.477214514272199075e+00 2.577023874844547313e-01 7.422976125155452687e-01
8.330840641722134787e-01 2.477214496321647808e+00 2.577023779260394498e-01 7.422976220739605502e-01
8.330840501341351123e-01 2.477214479133233116e+00 2.577023687734515400e-01 7.422976312265483489e-01
8.330840366920801987e-01 2.477214462674597772e+00 2.577023600094605627e-01 7.422976399905396594e-01
8.330840238207418702e-01 2.477214446914755008e+00 2.577023516175676043e-01 7.422976483824323957e-01
8.330840114958898424e-01 2.477214431824037444e+00 2.577023435819742470e-01 7.422976564180256975e-01
8.330839996943213421e-01 2.477214417374035804e+00 2.577023358875529246e-01 7.422976641124471309e-01
8.330839883938190304e-01 2.477214403537544740e+00 2.577023285198183356e-01 7.422976714801815534e-01
8.330839775731092578e-01 2.477214390288519752e+00 2.577023214649001304e-01 7.422976785351000917e-01
8.330839672118205419e-01 2.477214377602014572e+00 2.577023147095168776e-01 7.422976852904830114e-01
8.330839572904475965e-01 2.477214365454149636e+00 2.577023082409510280e-01 7.422976917590489165e-01
8.330839477903116963e-01 2.477214353822053017e+00 2.577023020470250447e-01 7.422976979529748442e-01
8.330839386935292579e-01 2.477214342683828896e+00 2.577022961160783665e-01 7.422977038839216890e-01
8.330839299829742028e-01 2.477214332018504717e+00 2.577022904369454803e-01 7.422977095630544087e-01
8.330839216422486482e-01 2.477214321806005426e+00 2.577022849989350495e-01 7.422977150010648950e-01
8.330839136556501545e-01 2.477214312027104182e+00 2.577022797918095964e-01 7.422977202081904036e-01
8.330839060081435266e-01 2.477214302663392154e+00 2.577022748057661850e-01 7.422977251942336485e-01
8.330838986853313921e-01 2.477214293697240333e+00 2.577022700314183234e-01 7.422977299685815655e-01
8.330838916734288890e-01 2.477214285111770664e+00 2.577022654597778684e-01 7.422977345402221871e-01
8.330838849592346884e-01 2.477214276890819189e+00 2.577022610822383153e-01 7.422977389177616292e-01
8.330838785301094562e-01 2.477214269018910286e+00 2.577022568905587008e-01 7.422977431094412992e-01
8.330838723739493190e-01 2.477214261481222479e+00 2.577022528768478926e-01 7.422977471231522184e-01
8.330838664791651027e-01 2.477214254263567561e+00 2.577022490335495464e-01 7.422977509664503426e-01
8.330838608346587959e-01 2.477214247352356402e+00 2.577022453534286162e-01 7.422977546465714394e-01
8.330838554298054532e-01 2.477214240734580297e+00 2.577022418295568107e-01 7.422977581704433003e-01
8.330838502544293256e-01 2.477214234397778103e+00 2.577022384553002143e-01 7.422977615446998412e-01
8.330838452987868736e-01 2.477214228330021140e+00 2.577022352243065750e-01 7.422977647756934250e-01
8.330838405535494484e-01 2.477214222519887432e+00 2.577022321304931474e-01 7.422977678695069637e-01
8.330838360097834183e-01 2.477214216956437731e+00 2.577022291680357013e-01 7.422977708319644652e-01
8.330838316589350701e-01 2.477214211629197305e+00 2.577022263313571981e-01 7.422977736686426908e-01
8.330838274928136222e-01 2.477214206528141283e+00 2.577022236151172985e-01 7.422977763848829236e-01
8.330838235035750161e-01 2.477214201643662683e+00 2.577022210142024816e-01 7.422977789857976294e-01
8.330838196837104803e-01 2.477214196966568416e+00 2.577022185237163865e-01 7.422977814762836690e-01
8.330838160260282121e-01 2.477214192488050859e+00 2.577022161389703747e-01 7.422977838610295143e-01
8.330838125236426084e-01 2.477214188199681644e+00 2.577022138554750930e-01 7.422977861445250181e-01
8.330838091699598325e-01 2.477214184093386340e+00 2.577022116689315356e-01 7.422977883310686309e-01
8.330838059586661570e-01 2.477214180161432910e+00 2.577022095752233843e-01 7.422977904247765046e-01
8.330838028837165288e-01 2.477214176396423273e+00 2.577022075704090143e-01 7.422977924295908192e-01
8.330837999393221338e-01 2.477214172791266211e+00 2.577022056507144443e-01 7.422977943492856667e-01
8.330837971199395176e-01 2.477214169339175154e+00 2.577022038125255099e-01 7.422977961874744901e-01
8.330837944202610368e-01 2.477214166033651743e+00 2.577022020523816459e-01 7.422977979476182986e-01
8.330837918352050897e-01 2.477214162868472958e+00 2.577022003669694472e-01 7.422977996330306638e-01
8.330837893599040145e-01 2.477214159837680008e+00 2.577021987531157299e-01 7.422978012468841591e-01
8.330837869896983161e-01 2.477214156935567235e+00 2.577021972077824796e-01 7.422978027922174649e-01
8.330837847201263413e-01 2.477214154156672787e+00 2.577021957280604125e-01 7.422978042719398095e-01
8.330837825469146196e-01 2.477214151495761740e+00 2.577021943111638125e-01 7.422978056888361875e-01
8.330837804659723123e-01 2.477214148947826988e+00 2.577021929544253132e-01 7.422978070455746868e-01
8.330837784733819973e-01 2.477214146508071480e+00 2.577021916552906800e-01 7.422978083447093756e-01
8.330837765653922311e-01 2.477214144171903776e+00 2.577021904113142581e-01 7.422978095886858529e-01
8.330837747384113312e-01 2.477214141934922953e+00 2.577021892201540876e-01 7.422978107798460234e-01
8.330837729889999377e-01 2.477214139792919045e+00 2.577021880795677955e-01 7.422978119204323155e-01
8.330837713138639078e-01 2.477214137741858835e+00 2.577021869874080440e-01 7.422978130125917895e-01
8.330837697098504302e-01 2.477214135777882742e+00 2.577021859416188110e-01 7.422978140583811335e-01
8.330837681739393652e-01 2.477214133897291948e+00 2.577021849402313380e-01 7.422978150597686620e-01
8.330837667032395810e-01 2.477214132096546617e+00 2.577021839813603554e-01 7.422978160186395336e-01
8.330837652949822925e-01 2.477214130372257017e+00 2.577021830632008070e-01 7.422978169367993040e-01
8.330837639465162869e-01 2.477214128721176412e+00 2.577021821840240756e-01 7.422978178159759244e-01
8.330837626553027064e-01 2.477214127140197064e+00 2.577021813421752072e-01 7.422978186578250703e-01
8.330837614189110507e-01 2.477214125626341357e+00 2.577021805360690809e-01 7.422978194639308080e-01
8.330837602350137372e-01 2.477214124176761345e+00 2.577021797641884104e-01 7.422978202358114785e-01
8.330837591013822152e-01 2.477214122788726325e+00 2.577021790250800248e-01 7.422978209749199197e-01
8.330837580158816369e-01 2.477214121459625940e+00 2.577021783173524261e-01 7.422978216826476849e-01
8.330837569764684147e-01 2.477214120186953306e+00 2.577021776396731800e-01 7.422978223603265979e-01
8.330837559811871129e-01 2.477214118968317003e+00 2.577021769907666404e-01 7.422978230092335261e-01
8.330837550281625647e-01 2.477214117801420645e+00 2.577021763694110623e-01 7.422978236305890487e-01
8.330837541156009829e-01 2.477214116684067324e+00 2.577021757744367703e-01 7.422978242255631187e-01
8.330837532417849634e-01 2.477214115614155165e+00 2.577021752047237158e-01 7.422978247952762842e-01
8.330837524050691556e-01 2.477214114589668448e+00 2.577021746591993123e-01 7.422978253408007987e-01
8.330837516038780421e-01 2.477214113608678492e+00 2.577021741368365482e-01 7.422978258631635073e-01
8.330837508367036071e-01 2.477214112669340107e+00 2.577021736366520432e-01 7.422978263633479568e-01
8.330837501021018943e-01 2.477214111769883154e+00 2.577021731577042729e-01 7.422978268422957271e-01
8.330837493986893438e-01 2.477214110908615208e+00 2.577021726990914585e-01 7.422978273009085415e-01
8.330837487251422369e-01 2.477214110083914900e+00 2.577021722599502906e-01 7.422978277400498204e-01
8.330837480801919215e-01 2.477214109294228361e+00 2.577021718394539862e-01 7.422978281605459028e-01
8.330837474626252570e-01 2.477214108538070558e+00 2.577021714368109562e-01 7.422978285631890438e-01
8.330837468712789518e-01 2.477214107814018185e+00 2.577021710512631958e-01 7.422978289487367487e-01
8.330837463050392300e-01 2.477214107120706998e+00 2.577021706820848412e-01 7.422978293179149922e-01
8.330837457628412768e-01 2.477214106456831821e+00 2.577021703285810039e-01 7.422978296714189961e-01
8.330837452436636870e-01 2.477214105821142986e+00 2.577021699900861051e-01 7.422978300099137838e-01
8.330837447465290202e-01 2.477214105212445006e+00 2.577021696659628769e-01 7.422978303340371786e-01
8.330837442705011364e-01 2.477214104629590352e+00 2.577021693556010851e-01 7.422978306443988039e-01
8.330837438146846408e-01 2.477214104071483458e+00 2.577021690584166413e-01 7.422978309415835252e-01
8.330837433782209978e-01 2.477214103537071388e+00 2.577021687738498823e-01 7.422978312261501177e-01
8.330837429602886424e-01 2.477214103025348724e+00 2.577021685013651808e-01 7.422978314986348192e-01
8.330837425601005375e-01 2.477214102535352236e+00 2.577021682404494474e-01 7.422978317595504416e-01
8.330837421769035078e-01 2.477214102066160883e+00 2.577021679906116303e-01 7.422978320093883697e-01
8.330837418099764635e-01 2.477214101616890929e+00 2.577021677513813280e-01 7.422978322486187830e-01
8.330837414586278467e-01 2.477214101186695494e+00 2.577021675223082342e-01 7.422978324776919878e-01
8.330837411221966304e-01 2.477214100774764116e+00 2.577021673029609716e-01 7.422978326970390839e-01
8.330837408000497657e-01 2.477214100380323636e+00 2.577021670929266484e-01 7.422978329070735182e-01
8.330837404915801825e-01 2.477214100002628872e+00 2.577021668918099140e-01 7.422978331081901970e-01
8.330837401962079003e-01 2.477214099640969724e+00 2.577021666992321269e-01 7.422978333007678176e-01
8.330837399133765864e-01 2.477214099294667182e+00 2.577021665148307994e-01 7.422978334851692006e-01
8.330837396425530006e-01 2.477214098963066657e+00 2.577021663382587091e-01 7.422978336617412909e-01
8.330837393832284388e-01 2.477214098645545093e+00 2.577021661691833998e-01 7.422978338308164892e-01
8.330837391349137366e-01 2.477214098341505633e+00 2.577021660072866260e-01 7.422978339927133185e-01
8.330837388971422675e-01 2.477214098050374957e+00 2.577021658522635761e-01 7.422978341477363129e-01
8.330837386694658342e-01 2.477214097771605061e+00 2.577021657038224833e-01 7.422978342961774612e-01
8.330837384514557797e-01 2.477214097504671031e+00 2.577021655616838491e-01 7.422978344383159843e-01
8.330837382427020987e-01 2.477214097249070157e+00 2.577021654255800542e-01 7.422978345744198903e-01
8.330837380428118832e-01 2.477214097004321935e+00 2.577021652952549147e-01 7.422978347047450853e-01
8.330837378514083236e-01 2.477214096769964513e+00 2.577021651704630711e-01 7.422978348295369289e-01
8.330837376681312634e-01 2.477214096545556909e+00 2.577021650509696560e-01 7.422978349490303440e-01
8.330837374926357564e-01 2.477214096330678128e+00 2.577021649365495715e-01 7.422978350634503730e-01
8.330837373245912891e-01 2.477214096124922715e+00 2.577021648269875453e-01 7.422978351730125102e-01
8.330837371636814481e-01 2.477214095927903426e+00 2.577021647220772427e-01 7.422978352779228128e-01
8.330837370096038086e-01 2.477214095739248556e+00 2.577021646216212103e-01 7.422978353783790118e-01
8.330837368620676031e-01 2.477214095558603280e+00 2.577021645254302107e-01 7.422978354745698448e-01
8.330837367207957200e-01 2.477214095385626980e+00 2.577021644333233330e-01 7.422978355666766115e-01
8.330837365855220389e-01 2.477214095219996359e+00 2.577021643451270494e-01 7.422978356548729506e-01
8.330837364559915414e-01 2.477214095061397447e+00 2.577021642606754925e-01 7.422978357393246185e-01
8.330837363319607558e-01 2.477214094909531816e+00 2.577021641798095120e-01 7.422978358201905991e-01
8.330837362131958690e-01 2.477214094764113916e+00 2.577021641023767851e-01 7.422978358976231039e-01
8.330837360994732821e-01 2.477214094624870189e+00 2.577021640282317061e-01 7.422978359717682384e-01
8.330837359905796102e-01 2.477214094491539065e+00 2.577021639572347200e-01 7.422978360427652245e-01
8.330837358863087960e-01 2.477214094363868746e+00 2.577021638892520450e-01 7.422978361107479550e-01
8.330837357864655512e-01 2.477214094241618536e+00 2.577021638241557833e-01 7.422978361758442167e-01
8.330837356908610269e-01 2.477214094124559285e+00 2.577021637618233663e-01 7.422978362381765782e-01
8.330837355993155890e-01 2.477214094012470280e+00 2.577021637021374434e-01 7.422978362978626121e-01
8.330837355116568199e-01 2.477214093905139691e+00 2.577021636449855491e-01 7.422978363550143399e-01
8.330837354277205176e-01 2.477214093802366790e+00 2.577021635902603247e-01 7.422978364097397863e-01
8.330837353473473650e-01 2.477214093703957065e+00 2.577021635378585196e-01 7.422978364621416469e-01
8.330837352703869270e-01 2.477214093609725332e+00 2.577021634876816014e-01 7.422978365123183986e-01
8.330837351966938753e-01 2.477214093519494842e+00 2.577021634396350347e-01 7.422978365603649653e-01
8.330837351261294321e-01 2.477214093433095510e+00 2.577021633936283918e-01 7.422978366063714972e-01
8.330837350585613699e-01 2.477214093350363910e+00 2.577021633495751307e-01 7.422978366504247028e-01
8.330837349938621239e-01 2.477214093271145945e+00 2.577021633073922624e-01 7.422978366926077376e-01
8.330837349319096807e-01 2.477214093195290179e+00 2.577021632670003504e-01 7.422978367329996496e-01
8.330837348725876890e-01 2.477214093122655392e+00 2.577021632283233998e-01 7.422978367716764891e-01
8.330837348157843492e-01 2.477214093053104360e+00 2.577021631912886357e-01 7.422978368087114198e-01
8.330837347613928578e-01 2.477214092986506522e+00 2.577021631558262249e-01 7.422978368441738306e-01
8.330837347093104084e-01 2.477214092922736643e+00 2.577021631218694986e-01 7.422978368781304459e-01
8.330837346594395232e-01 2.477214092861674377e+00 2.577021630893544524e-01 7.422978369106454366e-01
8.330837346116859443e-01 2.477214092803203815e+00 2.577021630582200240e-01 7.422978369417800870e-01
8.330837345659596327e-01 2.477214092747216156e+00 2.577021630284073717e-01 7.422978369715924618e-01
8.330837345221752122e-01 2.477214092693605707e+00 2.577021629998605401e-01 7.422978370001395154e-01
8.330837344802496380e-01 2.477214092642270771e+00 2.577021629725257390e-01 7.422978370274744275e-01
8.330837344401039735e-01 2.477214092593116312e+00 2.577021629463515096e-01 7.422978370536486015e-01
8.330837344016628343e-01 2.477214092546047741e+00 2.577021629212885578e-01 7.422978370787115532e-01
8.330837343648535009e-01 2.477214092500978460e+00 2.577021628972896439e-01 7.422978371027102451e-01
8.330837343296073616e-01 2.477214092457822758e+00 2.577021628743097481e-01 7.422978371256904184e-01
8.330837342958576919e-01 2.477214092416500257e+00 2.577021628523054608e-01 7.422978371476947057e-01
8.330837342635408760e-01 2.477214092376931021e+00 2.577021628312355372e-01 7.422978371687645183e-01
8.330837342325959627e-01 2.477214092339041329e+00 2.577021628110600648e-01 7.422978371889398241e-01
8.330837342029653314e-01 2.477214092302761461e+00 2.577021627917412405e-01 7.422978372082588150e-01
8.330837341745925828e-01 2.477214092268021250e+00 2.577021627732426490e-01 7.422978372267574620e-01
8.330837341474242042e-01 2.477214092234755860e+00 2.577021627555295402e-01 7.422978372444705153e-01
8.330837341214100134e-01 2.477214092202902229e+00 2.577021627385684410e-01 7.422978372614316145e-01
8.330837340964999393e-01 2.477214092172401738e+00 2.577021627223274880e-01 7.422978372776726230e-01
8.330837340726472418e-01 2.477214092143196655e+00 2.577021627067760390e-01 7.422978372932239610e-01
8.330837340498076227e-01 2.477214092115231914e+00 2.577021626918848396e-01 7.422978373081151604e-01
8.330837340279373393e-01 2.477214092088453334e+00 2.577021626776260232e-01 7.422978373223740878e-01
8.330837340069957575e-01 2.477214092062812512e+00 2.577021626639724450e-01 7.422978373360274995e-01
8.330837339869433533e-01 2.477214092038259707e+00 2.577021626508986252e-01 7.422978373491012638e-01
8.330837339677424902e-01 2.477214092014750513e+00 2.577021626383798614e-01 7.422978373616202497e-01
8.330837339493564198e-01 2.477214091992238298e+00 2.577021626263926168e-01 7.422978373736073276e-01
8.330837339317515022e-01 2.477214091970682652e+00 2.577021626149144096e-01 7.422978373850857015e-01
8.330837339148937648e-01 2.477214091950041386e+00 2.577021626039235347e-01 7.422978373960764653e-01
8.330837338987517882e-01 2.477214091930277196e+00 2.577021625933992310e-01 7.422978374066006024e-01
8.330837338832952632e-01 2.477214091911351446e+00 2.577021625833218477e-01 7.422978374166780968e-01
8.330837338684952131e-01 2.477214091893229941e+00 2.577021625736722887e-01 7.422978374263278223e-01
8.330837338543229942e-01 2.477214091875877156e+00 2.577021625644323466e-01 7.422978374355675424e-01
8.330837338407528492e-01 2.477214091859262446e+00 2.577021625555847573e-01 7.422978374444153538e-01
8.330837338277585769e-01 2.477214091843352506e+00 2.577021625471128674e-01 7.422978374528872436e-01
8.330837338153158633e-01 2.477214091828118026e+00 2.577021625390005788e-01 7.422978374609994212e-01
8.330837338034016160e-01 2.477214091813529695e+00 2.577021625312326814e-01 7.422978374687672076e-01
8.330837337919936303e-01 2.477214091799560869e+00 2.577021625237947422e-01 7.422978374762051468e-01
8.330837337810698129e-01 2.477214091786186234e+00 2.577021625166725505e-01 7.422978374833275605e-01
8.330837337706096246e-01 2.477214091773378701e+00 2.577021625098527280e-01 7.422978374901473275e-01
8.330837337605936366e-01 2.477214091761113846e+00 2.577021625033225072e-01 7.422978374966773263e-01
8.330837337510031970e-01 2.477214091749371683e+00 2.577021624970695091e-01 7.422978375029304354e-01
8.330837337418193211e-01 2.477214091738126456e+00 2.577021624910820208e-01 7.422978375089179792e-01
8.330837337330257997e-01 2.477214091727359957e+00 2.577021624853487181e-01 7.422978375146511709e-01
8.330837337246056462e-01 2.477214091717049982e+00 2.577021624798588872e-01 7.422978375201411128e-01
8.330837337165427625e-01 2.477214091707177879e+00 2.577021624746020922e-01 7.422978375253980188e-01
8.330837337088222716e-01 2.477214091697725884e+00 2.577021624695684521e-01 7.422978375304316589e-01
8.330837337014292965e-01 2.477214091688673125e+00 2.577021624647485298e-01 7.422978375352513591e-01
8.330837336943507365e-01 2.477214091680006280e+00 2.577021624601332772e-01 7.422978375398667783e-01
8.330837336875724919e-01 2.477214091671706253e+00 2.577021624557139790e-01 7.422978375442860210e-01
8.330837336810823501e-01 2.477214091663760165e+00 2.577021624514823639e-01 7.422978375485176361e-01
8.330837336748672106e-01 2.477214091656149808e+00 2.577021624474303829e-01 7.422978375525695061e-01
8.330837336689163042e-01 2.477214091648863636e+00 2.577021624435504310e-01 7.422978375564495135e-01
8.330837336632181955e-01 2.477214091641886107e+00 2.577021624398352917e-01 7.422978375601647638e-01
8.330837336577618935e-01 2.477214091635206117e+00 2.577021624362778596e-01 7.422978375637222515e-01
8.330837336525367398e-01 2.477214091628809012e+00 2.577021624328714178e-01 7.422978375671286377e-01
8.330837336475340749e-01 2.477214091622683245e+00 2.577021624296096380e-01 7.422978375703903620e-01
8.330837336427436846e-01 2.477214091616817271e+00 2.577021624264863031e-01 7.422978375735136414e-01
8.330837336381565761e-01 2.477214091611200875e+00 2.577021624234955843e-01 7.422978375765043602e-01
8.330837336337640897e-01 2.477214091605822510e+00 2.577021624206318751e-01 7.422978375793680694e-01
8.330837336295587869e-01 2.477214091600672852e+00 2.577021624178897907e-01 7.422978375821103203e-01
8.330837336255313419e-01 2.477214091595741685e+00 2.577021624152640578e-01 7.422978375847358867e-01
8.330837336216750932e-01 2.477214091591020129e+00 2.577021624127499022e-01 7.422978375872502088e-01
8.330837336179824915e-01 2.477214091586498856e+00 2.577021624103423836e-01 7.422978375896576164e-01
8.330837336144466532e-01 2.477214091582170319e+00 2.577021624080371165e-01 7.422978375919629945e-01
8.330837336110606950e-01 2.477214091578025190e+00 2.577021624058296601e-01 7.422978375941703399e-01
8.330837336078188438e-01 2.477214091574055477e+00 2.577021624037160175e-01 7.422978375962840936e-01
8.330837336047144381e-01 2.477214091570254517e+00 2.577021624016920254e-01 7.422978375983079191e-01
8.330837336017420380e-01 2.477214091566614318e+00 2.577021623997540201e-01 7.422978376002458134e-01
8.330837335988956482e-01 2.477214091563129550e+00 2.577021623978982823e-01 7.422978376021017732e-01
8.330837335961704948e-01 2.477214091559792219e+00 2.577021623961213703e-01 7.422978376038785742e-01
8.330837335935606935e-01 2.477214091556596998e+00 2.577021623944198980e-01 7.422978376055802130e-01
8.330837335910618036e-01 2.477214091553536335e+00 2.577021623927905347e-01 7.422978376072093543e-01
8.330837335886687178e-01 2.477214091550606678e+00 2.577021623912304493e-01 7.422978376087694397e-01
8.330837335863775506e-01 2.477214091547802699e+00 2.577021623897366442e-01 7.422978376102634668e-01
8.330837335841835278e-01 2.477214091545115071e+00 2.577021623883062329e-01 7.422978376116937671e-01
8.330837335820829859e-01 2.477214091542544239e+00 2.577021623869365508e-01 7.422978376130635603e-01
8.330837335800711507e-01 2.477214091540081320e+00 2.577021623856249888e-01 7.422978376143750667e-01
8.330837335781450248e-01 2.477214091537721874e+00 2.577021623843691600e-01 7.422978376156308400e-01
8.330837335763006113e-01 2.477214091535464124e+00 2.577021623831666219e-01 7.422978376168334336e-01
8.330837335745344685e-01 2.477214091533300522e+00 2.577021623820152096e-01 7.422978376179847348e-01
8.330837335728433768e-01 2.477214091531230178e+00 2.577021623809125916e-01 7.422978376190872973e-01
8.330837335712244496e-01 2.477214091529247764e+00 2.577021623798568806e-01 7.422978376201432305e-01
8.330837335696735790e-01 2.477214091527349726e+00 2.577021623788459115e-01 7.422978376211540885e-01
8.330837335681888778e-01 2.477214091525530737e+00 2.577021623778779080e-01 7.422978376221219809e-01
8.330837335667672372e-01 2.477214091523790795e+00 2.577021623769510383e-01 7.422978376230491282e-01
8.330837335654057707e-01 2.477214091522124129e+00 2.577021623760634150e-01 7.422978376239365295e-01
8.330837335641023689e-01 2.477214091520528072e+00 2.577021623752134838e-01 7.422978376247864052e-01
8.330837335628542561e-01 2.477214091518999073e+00 2.577021623743997458e-01 7.422978376256000876e-01
8.330837335616589900e-01 2.477214091517536243e+00 2.577021623736205358e-01 7.422978376263794642e-01
8.330837335605143501e-01 2.477214091516134697e+00 2.577021623728742994e-01 7.422978376271254231e-01
8.330837335594185600e-01 2.477214091514792660e+00 2.577021623721598154e-01 7.422978376278399626e-01
8.330837335583693992e-01 2.477214091513508354e+00 2.577021623714757514e-01 7.422978376285241930e-01
8.330837335573646474e-01 2.477214091512277339e+00 2.577021623708207199e-01 7.422978376291792246e-01
8.330837335564028612e-01 2.477214091511099614e+00 2.577021623701934994e-01 7.422978376298066117e-01
8.330837335554813761e-01 2.477214091509971627e+00 2.577021623695928132e-01 7.422978376304072423e-01
8.330837335545991928e-01 2.477214091508892491e+00 2.577021623690176066e-01 7.422978376309823378e-01
8.330837335537545352e-01 2.477214091507857319e+00 2.577021623684669360e-01 7.422978376315330085e-01
8.330837335529459597e-01 2.477214091506867888e+00 2.577021623679396356e-01 7.422978376320605864e-01
8.330837335521711351e-01 2.477214091505919313e+00 2.577021623674346507e-01 7.422978376325654049e-01
8.330837335514295061e-01 2.477214091505011151e+00 2.577021623669511485e-01 7.422978376330489070e-01
8.330837335507196295e-01 2.477214091504141624e+00 2.577021623664881855e-01 7.422978376335118700e-01
8.330837335500395069e-01 2.477214091503308513e+00 2.577021623660448180e-01 7.422978376339551820e-01
8.330837335493882501e-01 2.477214091502512261e+00 2.577021623656202687e-01 7.422978376343796203e-01
8.330837335487648598e-01 2.477214091501748428e+00 2.577021623652138160e-01 7.422978376347861840e-01
8.330837335481678929e-01 2.477214091501016124e+00 2.577021623648245718e-01 7.422978376351752061e-01
8.330837335475965721e-01 2.477214091500317128e+00 2.577021623644518700e-01 7.422978376355481300e-01
8.330837335470486771e-01 2.477214091499647441e+00 2.577021623640949888e-01 7.422978376359050667e-01
8.330837335465246518e-01 2.477214091499005288e+00 2.577021623637532621e-01 7.422978376362465713e-01
8.330837335460227200e-01 2.477214091498391113e+00 2.577021623634260239e-01 7.422978376365738651e-01
8.330837335455424375e-01 2.477214091497803139e+00 2.577021623631127745e-01 7.422978376368873921e-01
8.330837335450821390e-01 2.477214091497238702e+00 2.577021623628127367e-01 7.422978376371871523e-01
8.330837335446414915e-01 2.477214091496700021e+00 2.577021623625254110e-01 7.422978376374747000e-01
8.330837335442198288e-01 2.477214091496183546e+00 2.577021623622503532e-01 7.422978376377497023e-01
8.330837335438155966e-01 2.477214091495688830e+00 2.577021623619870083e-01 7.422978376380130472e-01
8.330837335434289059e-01 2.477214091495215431e+00 2.577021623617347656e-01 7.422978376382654009e-01
8.330837335430582025e-01 2.477214091494761572e+00 2.577021623614932366e-01 7.422978376385068744e-01
8.330837335427038193e-01 2.477214091494327697e+00 2.577021623612619772e-01 7.422978376387381338e-01
8.330837335423639800e-01 2.477214091493911585e+00 2.577021623610405987e-01 7.422978376389594013e-01
8.330837335420389067e-01 2.477214091493514125e+00 2.577021623608285461e-01 7.422978376391713429e-01
8.330837335417276002e-01 2.477214091493132653e+00 2.577021623606255973e-01 7.422978376393745137e-01
8.330837335414292832e-01 2.477214091492766723e+00 2.577021623604311418e-01 7.422978376395688027e-01
8.330837335411438449e-01 2.477214091492416781e+00 2.577021623602450129e-01 7.422978376397548761e-01
8.330837335408703970e-01 2.477214091492082382e+00 2.577021623600667666e-01 7.422978376399334000e-01
8.330837335406086064e-01 2.477214091491761749e+00 2.577021623598960143e-01 7.422978376401039302e-01
8.330837335403578070e-01 2.477214091491454884e+00 2.577021623597325339e-01 7.422978376402673550e-01
8.330837335401179988e-01 2.477214091491160453e+00 2.577021623595760480e-01 7.422978376404238965e-01
8.330837335398882937e-01 2.477214091490879344e+00 2.577021623594262789e-01 7.422978376405737766e-01
8.330837335396681365e-01 2.477214091490610226e+00 2.577021623592827826e-01 7.422978376407172174e-01
8.330837335394570831e-01 2.477214091490351322e+00 2.577021623591453370e-01 7.422978376408544410e-01
8.330837335392554666e-01 2.477214091490104408e+00 2.577021623590137755e-01 7.422978376409862245e-01
8.330837335390621767e-01 2.477214091489868597e+00 2.577021623588877652e-01 7.422978376411122348e-01
8.330837335388767695e-01 2.477214091489641667e+00 2.577021623587671395e-01 7.422978376412328050e-01
8.330837335386997999e-01 2.477214091489424952e+00 2.577021623586516208e-01 7.422978376413484902e-01
8.330837335385302689e-01 2.477214091489216230e+00 2.577021623585409316e-01 7.422978376414588464e-01
8.330837335383679543e-01 2.477214091489017722e+00 2.577021623584350718e-01 7.422978376415650947e-01
8.330837335382123010e-01 2.477214091488828096e+00 2.577021623583336529e-01 7.422978376416664581e-01
8.330837335380629760e-01 2.477214091488644687e+00 2.577021623582365639e-01 7.422978376417633806e-01
8.330837335379206454e-01 2.477214091488470160e+00 2.577021623581435827e-01 7.422978376418564173e-01
8.330837335377841990e-01 2.477214091488303183e+00 2.577021623580545429e-01 7.422978376419455682e-01
8.330837335376534147e-01 2.477214091488143310e+00 2.577021623579692777e-01 7.422978376420307223e-01
8.330837335375282926e-01 2.477214091487990100e+00 2.577021623578876763e-01 7.422978376421124347e-01
8.330837335374082775e-01 2.477214091487843994e+00 2.577021623578095166e-01 7.422978376421905944e-01
8.330837335372935915e-01 2.477214091487702330e+00 2.577021623577347431e-01 7.422978376422653124e-01
8.330837335371841235e-01 2.477214091487567327e+00 2.577021623576630782e-01 7.422978376423368108e-01
8.330837335370786523e-01 2.477214091487438985e+00 2.577021623575944664e-01 7.422978376424056446e-01
8.330837335369780661e-01 2.477214091487315972e+00 2.577021623575287412e-01 7.422978376424713698e-01
8.330837335368812546e-01 2.477214091487197400e+00 2.577021623574658471e-01 7.422978376425342084e-01
8.330837335367887730e-01 2.477214091487084602e+00 2.577021623574055620e-01 7.422978376425943825e-01
8.330837335367005103e-01 2.477214091486976244e+00 2.577021623573478859e-01 7.422978376426522251e-01
8.330837335366154672e-01 2.477214091486872327e+00 2.577021623572925968e-01 7.422978376427074032e-01
8.330837335365343099e-01 2.477214091486772851e+00 2.577021623572396392e-01 7.422978376427601388e-01
8.330837335364567053e-01 2.477214091486677816e+00 2.577021623571890130e-01 7.422978376428110980e-01
8.330837335363819873e-01 2.477214091486586334e+00 2.577021623571404407e-01 7.422978376428595038e-01
8.330837335363107110e-01 2.477214091486498404e+00 2.577021623570939779e-01 7.422978376429059111e-01
8.330837335362428764e-01 2.477214091486415803e+00 2.577021623570495135e-01 7.422978376429505420e-01
8.330837335361775953e-01 2.477214091486335423e+00 2.577021623570069364e-01 7.422978376429930636e-01
8.330837335361146456e-01 2.477214091486259040e+00 2.577021623569660802e-01 7.422978376430336978e-01
8.330837335360550266e-01 2.477214091486187098e+00 2.577021623569271114e-01 7.422978376430731107e-01
8.330837335359975171e-01 2.477214091486115599e+00 2.577021623568897524e-01 7.422978376431101921e-01
8.330837335359428941e-01 2.477214091486048986e+00 2.577021623568540032e-01 7.422978376431460523e-01
8.330837335358902696e-01 2.477214091485985481e+00 2.577021623568196973e-01 7.422978376431803582e-01
8.330837335358394213e-01 2.477214091485923309e+00 2.577021623567868902e-01 7.422978376432132208e-01
8.330837335357919038e-01 2.477214091485864245e+00 2.577021623567554709e-01 7.422978376432445291e-01
8.330837335357458295e-01 2.477214091485808733e+00 2.577021623567254394e-01 7.422978376432747272e-01
8.330837335357011986e-01 2.477214091485754111e+00 2.577021623566965736e-01 7.422978376433034819e-01
8.330837335356587880e-01 2.477214091485702152e+00 2.577021623566689845e-01 7.422978376433311265e-01
8.330837335356183759e-01 2.477214091485652858e+00 2.577021623566425612e-01 7.422978376433575498e-01
8.330837335355792961e-01 2.477214091485604452e+00 2.577021623566172481e-01 7.422978376433827519e-01
8.330837335355423257e-01 2.477214091485558711e+00 2.577021623565929898e-01 7.422978376434070658e-01
8.330837335355065765e-01 2.477214091485515635e+00 2.577021623565697306e-01 7.422978376434302694e-01
8.330837335354728257e-01 2.477214091485473446e+00 2.577021623565475261e-01 7.422978376434525849e-01
8.330837335354402962e-01 2.477214091485433034e+00 2.577021623565262098e-01 7.422978376434736791e-01
8.330837335354090989e-01 2.477214091485394842e+00 2.577021623565058928e-01 7.422978376434941072e-01
8.330837335353789008e-01 2.477214091485358427e+00 2.577021623564864083e-01 7.422978376435136472e-01
8.330837335353502571e-01 2.477214091485323788e+00 2.577021623564677011e-01 7.422978376435322989e-01
8.330837335353232787e-01 2.477214091485290037e+00 2.577021623564499375e-01 7.422978376435502845e-01
8.330837335352966333e-01 2.477214091485257619e+00 2.577021623564327846e-01 7.422978376435673820e-01
8.330837335352715423e-01 2.477214091485226533e+00 2.577021623564162978e-01 7.422978376435834802e-01
8.330837335352476725e-01 2.477214091485197223e+00 2.577021623564006436e-01 7.422978376435993564e-01
8.330837335352244688e-01 2.477214091485168801e+00 2.577021623563856556e-01 7.422978376436144554e-01
8.330837335352022643e-01 2.477214091485143044e+00 2.577021623563712227e-01 7.422978376436287773e-01
8.330837335351811701e-01 2.477214091485115954e+00 2.577021623563574559e-01 7.422978376436425441e-01
8.330837335351608530e-01 2.477214091485089753e+00 2.577021623563441888e-01 7.422978376436556447e-01
8.330837335351416462e-01 2.477214091485067105e+00 2.577021623563315322e-01 7.422978376436684123e-01
8.330837335351231054e-01 2.477214091485044456e+00 2.577021623563194863e-01 7.422978376436806247e-01
8.330837335351050088e-01 2.477214091485023140e+00 2.577021623563078290e-01 7.422978376436921710e-01
8.330837335350880224e-01 2.477214091485001379e+00 2.577021623562966712e-01 7.422978376437031622e-01
8.330837335350717021e-01 2.477214091484981839e+00 2.577021623562860686e-01 7.422978376437139314e-01
8.330837335350560480e-01 2.477214091484963188e+00 2.577021623562758545e-01 7.422978376437241455e-01
8.330837335350409489e-01 2.477214091484944980e+00 2.577021623562660846e-01 7.422978376437339154e-01
8.330837335350266271e-01 2.477214091484926772e+00 2.577021623562567032e-01 7.422978376437431303e-01
8.330837335350133044e-01 2.477214091484910785e+00 2.577021623562478214e-01 7.422978376437521231e-01
8.330837335350000927e-01 2.477214091484893910e+00 2.577021623562393282e-01 7.422978376437605608e-01
8.330837335349876582e-01 2.477214091484879699e+00 2.577021623562311681e-01 7.422978376437689985e-01
8.330837335349757788e-01 2.477214091484865044e+00 2.577021623562233410e-01 7.422978376437767700e-01
8.330837335349640105e-01 2.477214091484849945e+00 2.577021623562158470e-01 7.422978376437840975e-01
8.330837335349531303e-01 2.477214091484836622e+00 2.577021623562086305e-01 7.422978376437913139e-01
8.330837335349425832e-01 2.477214091484823744e+00 2.577021623562018027e-01 7.422978376437983083e-01
8.330837335349322581e-01 2.477214091484812197e+00 2.577021623561951413e-01 7.422978376438048587e-01
8.330837335349224881e-01 2.477214091484799763e+00 2.577021623561888686e-01 7.422978376438110759e-01
8.330837335349133843e-01 2.477214091484788661e+00 2.577021623561828734e-01 7.422978376438171821e-01
8.330837335349043915e-01 2.477214091484778002e+00 2.577021623561770447e-01 7.422978376438230663e-01
8.330837335348957318e-01 2.477214091484767788e+00 2.577021623561714936e-01 7.422978376438285064e-01
8.330837335348876271e-01 2.477214091484757130e+00 2.577021623561662200e-01 7.422978376438337245e-01
8.330837335348799666e-01 2.477214091484747804e+00 2.577021623561611130e-01 7.422978376438388315e-01
8.330837335348724171e-01 2.477214091484738034e+00 2.577021623561562280e-01 7.422978376438436054e-01
8.330837335348653117e-01 2.477214091484729597e+00 2.577021623561515096e-01 7.422978376438484904e-01
8.330837335348585393e-01 2.477214091484721603e+00 2.577021623561470687e-01 7.422978376438530423e-01
8.330837335348516559e-01 2.477214091484713165e+00 2.577021623561427388e-01 7.422978376438571502e-01
8.330837335348456607e-01 2.477214091484705172e+00 2.577021623561386310e-01 7.422978376438613690e-01
8.330837335348395545e-01 2.477214091484698510e+00 2.577021623561347452e-01 7.422978376438653658e-01
8.330837335348338923e-01 2.477214091484691405e+00 2.577021623561309704e-01 7.422978376438689185e-01
8.330837335348284522e-01 2.477214091484683856e+00 2.577021623561274732e-01 7.422978376438724712e-01
8.330837335348232342e-01 2.477214091484677638e+00 2.577021623561240316e-01 7.422978376438760240e-01
8.330837335348180162e-01 2.477214091484671865e+00 2.577021623561207009e-01 7.422978376438792436e-01
8.330837335348134642e-01 2.477214091484666536e+00 2.577021623561175923e-01 7.422978376438825743e-01
8.330837335348084682e-01 2.477214091484660319e+00 2.577021623561145391e-01 7.422978376438854609e-01
8.330837335348040273e-01 2.477214091484654990e+00 2.577021623561115971e-01 7.422978376438883474e-01
8.330837335347999195e-01 2.477214091484649661e+00 2.577021623561088770e-01 7.422978376438910120e-01
8.330837335347959227e-01 2.477214091484645220e+00 2.577021623561062680e-01 7.422978376438937875e-01
8.330837335347919259e-01 2.477214091484639891e+00 2.577021623561037145e-01 7.422978376438961190e-01
8.330837335347881512e-01 2.477214091484635894e+00 2.577021623561012720e-01 7.422978376438986725e-01
8.330837335347844874e-01 2.477214091484631453e+00 2.577021623560989960e-01 7.422978376439010040e-01
8.330837335347812678e-01 2.477214091484626568e+00 2.577021623560967756e-01 7.422978376439031134e-01
8.330837335347780481e-01 2.477214091484622571e+00 2.577021623560946662e-01 7.422978376439053338e-01
8.330837335347752726e-01 2.477214091484619019e+00 2.577021623560926677e-01 7.422978376439074433e-01
8.330837335347719419e-01 2.477214091484615910e+00 2.577021623560907249e-01 7.422978376439093307e-01
8.330837335347691663e-01 2.477214091484613245e+00 2.577021623560888375e-01 7.422978376439114401e-01
8.330837335347663908e-01 2.477214091484608360e+00 2.577021623560870056e-01 7.422978376439128834e-01
8.330837335347637262e-01 2.477214091484605252e+00 2.577021623560852848e-01 7.422978376439146597e-01
8.330837335347612838e-01 2.477214091484602143e+00 2.577021623560836749e-01 7.422978376439164361e-01
8.330837335347589523e-01 2.477214091484599923e+00 2.577021623560821206e-01 7.422978376439179904e-01
8.330837335347565098e-01 2.477214091484597258e+00 2.577021623560805663e-01 7.422978376439195447e-01
8.330837335347540673e-01 2.477214091484593705e+00 2.577021623560791785e-01 7.422978376439207659e-01
8.330837335347520689e-01 2.477214091484591485e+00 2.577021623560777908e-01 7.422978376439223203e-01
8.330837335347500705e-01 2.477214091484588376e+00 2.577021623560764030e-01 7.422978376439235415e-01
8.330837335347481831e-01 2.477214091484586600e+00 2.577021623560751262e-01 7.422978376439248738e-01
8.330837335347465178e-01 2.477214091484583047e+00 2.577021623560739050e-01 7.422978376439262060e-01
8.330837335347446304e-01 2.477214091484581271e+00 2.577021623560727392e-01 7.422978376439273163e-01
8.330837335347428541e-01 2.477214091484578606e+00 2.577021623560715735e-01 7.422978376439283155e-01
8.330837335347410777e-01 2.477214091484576830e+00 2.577021623560704633e-01 7.422978376439295367e-01
8.330837335347395234e-01 2.477214091484575498e+00 2.577021623560694086e-01 7.422978376439306469e-01
8.330837335347378581e-01 2.477214091484573277e+00 2.577021623560684649e-01 7.422978376439315351e-01
8.330837335347366368e-01 2.477214091484571945e+00 2.577021623560674657e-01 7.422978376439324233e-01
8.330837335347351935e-01 2.477214091484570169e+00 2.577021623560666330e-01 7.422978376439334225e-01
8.330837335347335282e-01 2.477214091484568836e+00 2.577021623560656893e-01 7.422978376439341996e-01
8.330837335347324180e-01 2.477214091484566616e+00 2.577021623560649122e-01 7.422978376439350878e-01
8.330837335347313077e-01 2.477214091484566172e+00 2.577021623560641350e-01 7.422978376439360870e-01
8.330837335347301975e-01 2.477214091484563951e+00 2.577021623560634134e-01 7.422978376439366421e-01
8.330837335347290873e-01 2.477214091484562619e+00 2.577021623560626362e-01 7.422978376439373083e-01
8.330837335347279771e-01 2.477214091484561287e+00 2.577021623560619701e-01 7.422978376439380854e-01
8.330837335347267558e-01 2.477214091484560843e+00 2.577021623560613039e-01 7.422978376439387516e-01
8.330837335347258676e-01 2.477214091484559066e+00 2.577021623560606378e-01 7.422978376439394177e-01
8.330837335347249795e-01 2.477214091484557734e+00 2.577021623560600272e-01 7.422978376439399728e-01
8.330837335347244244e-01 2.477214091484555958e+00 2.577021623560595276e-01 7.422978376439404169e-01
8.330837335347235362e-01 2.477214091484555514e+00 2.577021623560590280e-01 7.422978376439410830e-01
8.330837335347225370e-01 2.477214091484555514e+00 2.577021623560584174e-01 7.422978376439415271e-01
8.330837335347217598e-01 2.477214091484554626e+00 2.577021623560579733e-01 7.422978376439420822e-01
8.330837335347207606e-01 2.477214091484552849e+00 2.577021623560574737e-01 7.422978376439424153e-01
8.330837335347203165e-01 2.477214091484551517e+00 2.577021623560570296e-01 7.422978376439429704e-01
8.330837335347197614e-01 2.477214091484551073e+00 2.577021623560565855e-01 7.422978376439435255e-01
8.330837335347190953e-01 2.477214091484549741e+00 2.577021623560561414e-01 7.422978376439439696e-01
8.330837335347182071e-01 2.477214091484548408e+00 2.577021623560556973e-01 7.422978376439443027e-01
8.330837335347177630e-01 2.477214091484548408e+00 2.577021623560552532e-01 7.422978376439448578e-01
8.330837335347167638e-01 2.477214091484547520e+00 2.577021623560548091e-01 7.422978376439450798e-01
8.330837335347162087e-01 2.477214091484547076e+00 2.577021623560544206e-01 7.422978376439456349e-01
8.330837335347160977e-01 2.477214091484546632e+00 2.577021623560540875e-01 7.422978376439459680e-01
8.330837335347154315e-01 2.477214091484545300e+00 2.577021623560537544e-01 7.422978376439461901e-01
8.330837335347148764e-01 2.477214091484544856e+00 2.577021623560534214e-01 7.422978376439466341e-01
8.330837335347146544e-01 2.477214091484544412e+00 2.577021623560530883e-01 7.422978376439469672e-01
8.330837335347138772e-01 2.477214091484543967e+00 2.577021623560528107e-01 7.422978376439471893e-01
8.330837335347135442e-01 2.477214091484543079e+00 2.577021623560525332e-01 7.422978376439475223e-01
8.330837335347129891e-01 2.477214091484542635e+00 2.577021623560522001e-01 7.422978376439477444e-01
8.330837335347126560e-01 2.477214091484542191e+00 2.577021623560519781e-01 7.422978376439479664e-01
8.330837335347123229e-01 2.477214091484542191e+00 2.577021623560517005e-01 7.422978376439481885e-01
8.330837335347119899e-01 2.477214091484542191e+00 2.577021623560515340e-01 7.422978376439485215e-01
8.330837335347115458e-01 2.477214091484542191e+00 2.577021623560513119e-01 7.422978376439488546e-01
8.330837335347111017e-01 2.477214091484541303e+00 2.577021623560510899e-01 7.422978376439489656e-01
8.330837335347108796e-01 2.477214091484540859e+00 2.577021623560508679e-01 7.422978376439492987e-01
8.330837335347106576e-01 2.477214091484540415e+00 2.577021623560506458e-01 7.422978376439492987e-01
8.330837335347102135e-01 2.477214091484539082e+00 2.577021623560504238e-01 7.422978376439494097e-01
8.330837335347101025e-01 2.477214091484538194e+00 2.577021623560503127e-01 7.422978376439495207e-01
8.330837335347101025e-01 2.477214091484538194e+00 2.577021623560501462e-01 7.422978376439498538e-01
8.330837335347097694e-01 2.477214091484538194e+00 2.577021623560499797e-01 7.422978376439500758e-01
8.330837335347094363e-01 2.477214091484537750e+00 2.577021623560498687e-01 7.422978376439501869e-01
8.330837335347092143e-01 2.477214091484537306e+00 2.577021623560497021e-01 7.422978376439501869e-01
8.330837335347088812e-01 2.477214091484536862e+00 2.577021623560494801e-01 7.422978376439502979e-01
8.330837335347089923e-01 2.477214091484537750e+00 2.577021623560494246e-01 7.422978376439508530e-01
8.330837335347085482e-01 2.477214091484537750e+00 2.577021623560492580e-01 7.422978376439508530e-01
8.330837335347082151e-01 2.477214091484537750e+00 2.577021623560490915e-01 7.422978376439509640e-01
8.330837335347081041e-01 2.477214091484537306e+00 2.577021623560490360e-01 7.422978376439510750e-01
8.330837335347078820e-01 2.477214091484537306e+00 2.577021623560488695e-01 7.422978376439511861e-01
8.330837335347076600e-01 2.477214091484536862e+00 2.577021623560487029e-01 7.422978376439512971e-01
8.330837335347074379e-01 2.477214091484536862e+00 2.577021623560485919e-01 7.422978376439515191e-01
8.330837335347074379e-01 2.477214091484536862e+00 2.577021623560485364e-01 7.422978376439515191e-01
8.330837335347073269e-01 2.477214091484536862e+00 2.577021623560485364e-01 7.422978376439516301e-01
8.330837335347072159e-01 2.477214091484536862e+00 2.577021623560484809e-01 7.422978376439516301e-01
8.330837335347071049e-01 2.477214091484536418e+00 2.577021623560484254e-01 7.422978376439516301e-01
8.330837335347069939e-01 2.477214091484536418e+00 2.577021623560483699e-01 7.422978376439517412e-01
8.330837335347067718e-01 2.477214091484535974e+00 2.577021623560482588e-01 7.422978376439517412e-01
8.330837335347067718e-01 2.477214091484535974e+00 2.577021623560481478e-01 7.422978376439518522e-01
8.330837335347067718e-01 2.477214091484535530e+00 2.577021623560481478e-01 7.422978376439519632e-01
8.330837335347068828e-01 2.477214091484535530e+00 2.577021623560480923e-01 7.422978376439519632e-01
8.330837335347068828e-01 2.477214091484535086e+00 2.577021623560480923e-01 7.422978376439519632e-01
8.330837335347066608e-01 2.477214091484535530e+00 2.577021623560480368e-01 7.422978376439519632e-01
8.330837335347064387e-01 2.477214091484535086e+00 2.577021623560479258e-01 7.422978376439519632e-01
8.330837335347063277e-01 2.477214091484535086e+00 2.577021623560479258e-01 7.422978376439519632e-01
8.330837335347062167e-01 2.477214091484535086e+00 2.577021623560478703e-01 7.422978376439519632e-01
8.330837335347059946e-01 2.477214091484534642e+00 2.577021623560477592e-01 7.422978376439520742e-01
8.330837335347058836e-01 2.477214091484534197e+00 2.577021623560477037e-01 7.422978376439521853e-01
8.330837335347058836e-01 2.477214091484534197e+00 2.577021623560476482e-01 7.422978376439521853e-01
8.330837335347059946e-01 2.477214091484533753e+00 2.577021623560475927e-01 7.422978376439521853e-01
8.330837335347058836e-01 2.477214091484534197e+00 2.577021623560475372e-01 7.422978376439524073e-01
8.330837335347057726e-01 2.477214091484534197e+00 2.577021623560474817e-01 7.422978376439525183e-01
8.330837335347056616e-01 2.477214091484534197e+00 2.577021623560474817e-01 7.422978376439525183e-01
8.330837335347056616e-01 2.477214091484534197e+00 2.577021623560474817e-01 7.422978376439525183e-01
8.330837335347056616e-01 2.477214091484534197e+00 2.577021623560474817e-01 7.422978376439525183e-01
